1458
2816
3296
2465
3227
3681
1189
3500
1880
1896
239
2159
2376
3116
1335
538
3527
3513
3979
829
446
1462
322
1321
1863
3680
3783
133
2365
3791
753
2780
1895
980
1899
1627
2981
2487
2682
116
2183
2000
2442
995
1039
440
717
3144
613
2466
3566
1758
2923
2964
3447
100
2370
873
3012
2939
3378
1968
3029
2071
3178
1978
2588
1392
2662
2236
1730
1918
2733
1070
2029
184
865
1767
110
3711
2698
1494
770
3350
3245
3876
2995
314
171
1315
2441
1741
2168
754
452
3723
2746
704
1194
70
2803
3820
3134
459
1200
806
1121
1716
1894
968
3075
1633
3908
2140
694
2842
1581
3258
1491
1912
954
2729
3078
1297
1069
1500
245
1235
1907
3781
426
640
1506
3155
1292
1103
2063
553
1719
3222
8
2831
1902
2286
1330
2705
3437
723
1931
2057
20
577
2159
2808
627
2845
1559
2262
3165
2293
2854
1142
1501
3387
921
664
1706
1302
2111
2112
979
1374
297
2130
2204
1407
2930
1798
1975
490
1586
258
2359
2674
813
1982
3863
3880
1872
2946
2594
3079
173
107
1329
3280
2223
3915
514
350
3177
1371
2882
778
3296
994
2303
3850
861
3278
2616
1817
3634
1043
119
2894
2797
1371
1064
2674
242
3972
2762
1292
3977
807
2454
1175
2915
3833
1021
608
1568
3857
886
310
1939
2000
1573
3270
2575
1093
801
3984
163
137
3916
3956
3358
2120
3612
2818
2274
2898
1949
1389
2252
2817
3072
3046
485
1198
1717
3454
377
1663
3535
200
446
655
299
3438
3698
3333
971
2704
1792
733
3156
2642
2111
3187
524
3577
98
3480
998
3273
3551
3705
904
3556
2720
1612
3817
1439
660
1204
2319
2957
1390
1964
2328
2671
172
3827
3006
478
3716
848
3147
63
3497
2704
2894
2995
405
1574
2632
1359
1476
2595
3324
592
3654
724
3399
3364
3852
3266
1393
1555
516
1112
3028
1371
708
2750
18
912
988
448
2453
3362
2250
1073
1817
284
2821
3147
807
2750
3836
17
2994
1048
2917
1964
1246
3895
340
408
3004
3653
3925
1708
2238
1006
1014
2805
2024
164
2119
2121
2476
3627
154
694
3486
1123
3124
1639
1972
1235
3593
1299
1909
1554
1603
2696
3092
1399
3811
1224
231
1622
278
1021
2536
3667
3112
939
3287
2402
313
567
3104
3433
542
548
2876
1162
2842
2008
1801
2766
336
2074
609
3380
2651
513
2655
3590
2660
1768
1442
1519
1179
3697
2283
3091
1491
3991
1363
2527
3357
3478
2239
2066
1692
2677
2934
1532
1126
845
2914
549
2435
619
3068
812
2276
2891
3844
1001
1913
3469
3508
3318
3141
3576
2376
1682
898
987
2401
559
1132
155
3185
2715
3279
2960
752
3279
3539
1874
3752
2376
2966
3560
917
825
1558
2021
2429
3225
2565
766
3277
2989
2432
3791
1593
1555
614
2994
657
3317
2002
1857
467
1352
1146
728
2153
343
1875
662
2942
2841
360
232
1729
2014
1438
3587
3997
2580
1248
2141
3270
405
985
971
177
2686
2347
700
2079
3164
251
3348
433
501
2054
2087
693
1296
2144
2138
2464
491
3363
2403
625
2644
1872
368
2844
3080
1500
3400
2179
701
2626
448
2581
506
3896
1940
1041
3356
2224
3083
2455
3218
3838
1015
3628
3800
3606
754
3770
260
312
3206
1766
1088
1860
3375
391
2341
3920
2733
2500
26
1090
1402
1875
1898
1166
1475
2577
1185
230
1700
1827
3622
3179
3997
2680
2904
2675
2604
3065
1177
2596
3623
3886
965
2161
3304
1658
924
273
2213
766
17
1281
2446
67
273
1764
891
686
604
78
3861
3442
1988
66
23
111
1168
3531
3597
1363
656
774
3969
1899
2517
1619
2246
688
2796
1396
2678
2211
1217
1405
66
639
318
388
794
1768
1590
740
207
806
1112
3301
6
3601
3164
2678
3770
1328
36
3590
3670
919
2682
2714
2618
1511
3610
1410
3992
2031
3013
3248
972
960
721
1086
2344
1598
1872
2523
3966
3283
1433
2538
56
2258
1255
2394
587
1082
3074
2027
1700
2693
302
914
157
1854
662
1198
3400
3425
2896
1135
2175
3482
3305
953
1469
864
3778
864
3290
2488
1418
627
1826
1608
3579
324
1999
2071
787
2811
1637
2648
3877
2173
1786
3679
1174
2011
1085
1887
1896
2709
2457
278
3071
2857
812
436
2159
612
2426
3300
3252
504
10
2623
209
303
3585
3343
1597
2200
1398
3721
3317
554
2103
2467
3915
2321
912
3720
570
2909
123
2903
3148
152
3766
1036
364
3200
79
1257
880
4000
2149
833
2801
3342
350
1907
3109
3063
3597
1503
3910
2938
1428
2217
2420
3732
543
617
1189
2480
1384
843
496
1353
1167
2237
1089
1232
1704
2781
2089
3382
703
3283
2049
2747
2273
2388
91
2785
378
2925
1370
2589
1777
129
3351
1938
764
2849
3399
1903
3777
3862
171
1674
1187
1152
546
502
3515
517
2388
486
1427
839
2984
2303
3757
2941
2109
3363
728
3870
3832
3427
756
3531
296
2388
3433
493
603
2740
750
933
3221
1101
3494
1749
1532
2130
2800
3467
566
2530
3644
2004
2095
1877
452
2138
2240
1428
2407
1790
3279
2249
3374
1580
2332
1721
2101
740
2
1122
1654
1974
2055
583
2068
560
3610
890
1062
3009
1323
3001
98
1330
2654
2810
758
608
3096
1542
553
3263
834
1293
1226
500
934
3369
166
3413
1202
3955
162
3791
1101
2580
3951
815
2753
1459
1065
3862
2485
1765
1078
249
580
1803
296
1865
3746
1439
3839
3609
2217
1676
3791
2656
1098
734
2794
2390
3892
1597
2470
2112
1656
2825
620
2284
1188
1762
726
2575
3848
2258
1369
2879
159
1703
2693
2439
1038
3409
3260
3312
2682
1696
3264
1537
658
3988
3271
3064
3208
2539
2836
1285
737
3171
1109
2431
1229
3707
563
2994
3494
972
2771
2425
1738
2781
3364
2967
905
2035
1589
3376
326
2212
2796
590
1052
1383
2403
589
3263
1667
331
1700
1047
13
2522
1639
2430
2995
2141
2107
3032
2030
165
2915
738
706
3595
2466
2608
1331
1652
1488
3234
509
77
3957
482
1974
169
1105
3794
675
2238
1229
1130
1787
2621
1935
2344
1254
2270
1277
3569
1522
1688
3525
2306
3956
695
1533
2446
946
3254
236
3522
3603
1954
3051
2888
1948
1497
2271
3531
1000
3908
2397
2445
2778
3981
2503
2425
1959
3301
1300
3693
2734
2639
2619
2863
2621
480
2534
3102
2322
1112
97
2333
1689
581
494
2398
7
2678
787
698
1610
2543
2680
3542
1280
633
1078
1186
3581
1337
3546
3844
2603
407
3649
431
1743
3990
2025
2471
656
535
488
1003
1366
983
2276
2149
3631
3158
2870
3668
238
1262
3223
972
619
3858
3393
2647
2351
377
787
684
2142
1308
2564
3849
249
1623
3054
2295
1172
650
3437
608
2295
304
3606
3853
2581
3063
592
2392
2751
3816
350
226
2141
3940
1030
3351
2079
368
2816
3841
467
2260
15
918
206
796
410
3567
3370
1558
1283
2251
2720
1400
831
815
894
3933
3947
545
1381
2124
2407
302
712
2723
1363
834
1930
3549
3002
2305
1161
3283
514
3661
1688
2822
3235
1368
2696
494
448
3727
2959
1387
3226
2062
522
2077
3482
785
414
1016
2460
1748
2014
649
77
3926
355
2340
3685
1930
763
283
2208
2298
2155
2420
739
654
530
1369
1993
545
2867
3246
647
3584
3065
1156
1006
2377
158
3799
2529
1435
3782
2991
3923
159
3537
448
3203
3488
2350
3950
1964
712
3244
1506
3110
575
2523
958
774
1183
3802
953
175
108
1696
1014
3993
1386
1475
460
2039
3902
1758
1612
3729
276
153
2776
3199
1639
3228
3640
3811
266
1716
565
3358
2642
3424
1906
2837
3399
2740
3276
787
727
3207
642
751
687
3867
1447
1083
1974
1059
698
913
2384
3203
3629
150
1926
69
298
2678
385
3090
3183
1583
899
2066
217
1043
2573
364
2026
2472
2158
2770
308
2946
2554
2653
630
975
2658
3866
545
962
3762
3993
2299
413
3036
3470
383
1673
207
3065
1431
1139
3191
2506
3937
2413
2262
2741
3322
2115
1840
3734
726
2712
2306
3375
1633
2171
3070
359
3833
422
1395
1154
1289
3145
1457
1542
1333
3224
2467
724
1716
1005
629
1298
452
2760
1094
2796
62
1269
2487
666
662
3996
1663
707
1008
3860
2904
1802
1091
3406
1262
2924
1002
3453
3578
953
244
2449
3535
1714
1256
422
539
925
123
333
2969
1203
840
701
3768
2371
2128
3428
967
62
2412
161
1
131
2999
1050
351
2286
2546
1979
2732
637
1381
2789
3131
3003
2148
845
1750
1737
884
1843
2543
3423
2976
2450
324
2503
1286
2878
175
2267
2162
2754
1395
1696
3136
3419
3967
2808
2625
1258
46
765
2494
2217
1312
1085
1864
138
283
3669
2974
1662
2343
149
1646
855
2921
3953
3649
1704
1667
1456
1797
2640
2544
3879
3214
1983
2315
2448
2356
1235
2233
2204
2163
2434
3464
1043
2794
2280
2503
3942
1749
2888
1922
1389
2392
1466
3781
2130
300
3600
343
218
1478
1962
1304
3672
1855
901
2006
2966
1651
2634
1382
2691
3075
2837
2050
2137
405
1850
1006
889
1162
2823
3360
1560
1365
1987
285
920
2930
2784
2459
3071
1844
2811
3009
1135
1848
3990
1947
1283
1327
3331
3304
2407
3914
366
2352
2067
2066
766
517
2860
967
1801
2977
1862
2031
2211
701
3538
1342
2963
3739
254
527
2782
634
2821
3128
2106
1233
1381
3500
3280
448
3358
1388
1406
2052
2126
887
1607
1427
2886
2760
3317
3772
3677
349
361
3542
763
2701
1438
3884
1144
390
1351
2452
2249
49
1324
2683
504
2274
2096
2809
2512
524
291
2823
1592
3827
821
1367
610
1752
2605
3524
2860
3514
223
3320
289
513
559
323
1982
2249
3916
2043
1808
2219
986
34
2074
336
3373
2506
2385
880
3690
840
2072
2102
2167
1311
157
1739
1797
2165
2727
1498
3237
3737
703
2812
1039
2041
3933
2774
2089
872
440
3970
890
56
2917
3488
726
2526
118
3417
3768
1669
2549
3135
3496
2064
2903
2731
66
1535
264
3470
3372
2746
1849
3883
2229
2610
3666
1955
1137
1241
3473
3566
1283
2486
1020
2169
62
2785
1625
1640
855
3517
34
3352
2662
956
2367
3018
1618
1865
2680
1900
1164
300
207
292
3198
214
2260
1940
752
2699
3682
170
1067
3249
2334
2922
2452
1259
1874
312
744
513
3454
3968
423
3983
3098
1192
3777
1566
3379
2989
2337
2711
3186
2451
3122
1277
3699
3791
1875
3746
2342
169
1162
972
810
1761
2509
1148
3686
3172
3271
3087
773
3628
280
322
2410
3515
3634
271
1344
457
672
2793
1514
2487
3927
842
2266
1435
1755
2269
3303
866
1769
2775
2964
1653
1568
1136
513
2742
3371
2337
1901
222
579
3250
3730
2128
2965
3739
3591
2527
748
961
3109
2372
1702
787
3158
1545
3803
173
2332
2115
3279
618
932
3914
1091
387
977
2809
1228
2451
2123
1170
294
1036
1918
3371
468
2926
841
457
201
1404
3953
2008
3277
2590
2880
2774
3309
1304
410
1136
733
2933
2781
2612
1030
1552
2118
2626
1260
730
1657
2180
321
2599
550
1820
2221
1447
1187
1921
2395
1197
3330
2464
3559
2283
3997
1663
1046
2274
1353
3616
1961
3725
414
545
1730
1248
782
672
1661
2569
283
1371
1380
3707
1879
1910
597
861
3157
830
968
687
103
1890
3687
2516
911
1174
1463
2403
1045
538
677
2593
3813
938
2029
2545
2435
2703
2574
1875
2669
1140
329
1743
1514
900
1201
3062
2382
2926
2812
2447
1697
3704
2663
1004
346
1886
3860
2946
2453
2783
200
1117
3043
3254
553
3277
488
3898
3770
2613
3100
318
3097
1213
2681
878
1886
1038
3164
523
3633
3867
304
3617
2159
2960
2711
1645
3966
2141
1875
687
2661
3275
1342
2731
3753
3103
2854
16
919
3611
3821
963
2194
508
3919
3212
540
3829
2146
1222
860
840
2533
3467
3726
1564
695
2607
2311
3543
1340
3223
3736
1663
712
2403
25
1298
295
1043
3021
496
2627
356
664
6
1273
3295
756
771
2360
3955
2791
3675
2627
637
249
3156
1278
3449
3019
557
3160
675
526
487
3279
1210
611
1646
3099
3618
2979
1424
3484
3454
1723
1575
285
123
837
3203
1576
607
1593
1888
417
3563
193
816
3912
2614
2298
2619
2981
1458
583
2894
2639
33
3627
804
3902
2337
3134
3223
3689
2359
810
3232
673
2147
646
2173
3703
2109
1474
3030
656
236
3519
2489
2085
2374
3691
1917
3907
3023
1536
3436
807
920
904
497
835
593
1594
1330
2618
619
2254
1595
3876
2139
3468
2557
2734
1348
907
2974
2890
2661
1688
3850
2529
3542
1603
1420
2939
3048
1314
1982
194
3871
2147
3894
2110
3158
68
3043
1164
3447
3443
2195
579
2527
72
2949
2802
179
3080
764
1100
1388
3151
832
547
2830
302
176
1020
2551
1535
2374
866
87
2593
1283
3638
2497
1211
2578
3886
2223
2506
3040
1109
3929
849
1443
3124
556
1871
2376
774
3970
2548
1051
218
141
1920
1352
334
2016
2572
3818
3366
1690
379
3200
3351
645
1295
1615
3093
918
3692
584
332
132
3640
3919
2385
1563
1878
3585
1029
2082
132
3994
3133
2669
3025
3382
2270
3612
1222
296
1520
3895
326
308
2412
2652
772
371
3481
3344
1162
1681
2538
2843
3792
2197
690
1649
1942
3932
3609
1459
3454
3731
3797
386
3810
16
3554
256
445
706
1224
400
866
3463
3094
1556
3965
354
2146
873
1212
486
74
501
1022
3092
596
2781
3308
1261
759
1925
2885
775
1195
909
1171
1324
3985
949
232
3931
2973
1765
851
326
3372
34
1726
2740
2961
1356
3274
247
721
1777
1221
2567
1749
885
900
2422
3067
1737
693
817
1424
3372
1266
2131
662
34
1273
814
219
1160
2226
1651
188
2501
1082
2043
2723
679
1506
413
3345
1507
1965
2464
1092
1837
2121
2564
3994
1451
2333
2959
2984
2572
3980
484
1116
1293
3580
169
2580
621
226
1917
3628
2039
2
1620
2533
1688
1562
2455
2651
758
258
2864
182
1928
2262
2778
1465
2643
154
2848
2619
3059
1047
3939
11
2315
3354
229
3555
267
3628
167
1192
1080
1870
1907
2613
1968
3031
3157
3689
601
1804
3549
3148
778
2313
1031
159
3629
1911
3470
3107
1302
3185
3323
3842
237
2280
1228
2230
2187
1044
2872
264
348
3830
661
2342
1340
3927
1937
1443
916
1214
2220
2824
926
2309
2572
2110
925
3312
3037
94
1805
2692
491
3936
3254
496
3045
15
1350
3477
2596
1792
3023
831
503
459
3648
1805
3976
2539
206
840
2163
124
3861
1803
2156
564
89
3912
2533
380
2748
2144
2848
3988
3818
2360
1449
1543
2051
1281
3053
3028
615
1721
1548
3031
96
3461
3911
2950
788
207
2845
1367
706
1314
3208
1432
294
1227
1982
313
2476
2569
2400
632
2711
455
1050
803
2835
3903
367
2058
1328
307
603
314
3258
2149
3912
543
1152
2225
3968
852
1205
1471
1518
1806
1001
563
1838
2189
642
974
836
2178
3203
1829
1732
3064
3694
1699
3408
3750
148
2839
3094
1935
3329
1952
295
3992
3925
539
1180
305
2049
205
2603
1151
2382
2710
2189
226
1253
1914
2425
2581
26
110
2180
2559
3934
2881
880
1667
1222
2823
1186
3119
3798
1652
3810
898
3703
2963
1068
464
2251
1828
3255
3030
1290
2217
1249
878
1279
1671
571
1539
1748
2228
151
358
2297
161
261
3222
877
3521
1749
2002
2279
296
3365
1523
1028
1118
520
2292
1866
3065
923
2597
2423
2502
3326
3661
1554
1039
3478
2060
2874
2091
1488
175
3023
552
3613
973
1841
1981
3041
338
1275
1556
882
3227
1706
2348
1008
1034
3749
60
1822
3156
2142
2234
599
2484
2496
3788
2155
2476
947
1614
2576
2867
198
1575
3634
3897
836
370
503
2181
1966
3416
2326
310
2989
192
3629
3354
2664
2165
1250
3592
2024
1447
21
2777
301
1561
3754
3752
3778
862
1581
3286
2550
2621
966
2067
460
290
570
2538
3161
1171
931
1097
3640
2419
2295
1330
1782
1602
1189
3584
3061
67
1853
3843
1782
3739
3971
367
203
3922
2008
2895
542
3103
1341
2222
1330
61
2855
3065
2925
3050
3892
1000
1951
1975
2809
1892
2004
3366
800
1879
2686
3027
1845
1363
1117
618
3662
3895
3518
2620
691
2905
485
3021
925
3653
2913
1137
1964
1385
3571
1711
354
3893
2753
1851
1908
736
841
3724
1697
1433
92
2904
1451
604
360
300
2363
2913
1347
1043
3746
2282
1274
122
3478
2060
958
2968
2074
171
2564
505
1934
548
712
3627
156
2614
129
3514
1021
1079
1467
3713
3471
2123
2401
2538
1119
1428
1454
832
3659
3173
336
3324
3179
1742
3082
1156
3518
2213
1000
2175
2006
1602
289
778
1756
992
383
3112
713
597
1869
372
836
708
1111
1185
3292
1994
1845
1451
2913
492
777
159
1445
3745
1676
1340
1721
3427
899
2877
2429
269
2866
1534
3087
3724
3257
3123
2087
3219
2315
2605
3197
135
3985
2883
2495
3697
2211
2685
2727
365
1873
2682
3237
